Open Time,Open,High,Low,Close,Volume,Quote Asset Volume,TWAP_price
1599177600000,43.15,49.0,34.5,42.167,36214.155,1429416.57,41.748955
1599264000000,42.0,43.998,29.32,32.49,88954.412,3143068.98,36.590291
1599350400000,32.558,39.8,30.04,38.037,63410.654,2187039.52,34.887715
1599436800000,37.898,38.378,30.5,35.203,56712.36,1928516.13,34.375363
1599523200000,35.304,36.172,30.27,31.337,66993.426,2166012.34,33.208331
1599609600000,31.3,37.0,30.168,33.806,67385.977,2243074.13,33.619886
1599696000000,33.863,36.5,31.757,33.102,54819.776,1860162.14,34.132684
1599782400000,33.018,33.018,30.708,31.769,67289.687,2124393.41,31.82117
1599868800000,31.776,36.999,31.0,35.159,74448.876,2500505.19,34.045449
1599955200000,35.159,42.2,34.5,39.328,160435.944,6125842.36,38.437504
1600041600000,39.33,43.431,38.058,40.0,110986.51,4516583.72,40.748713
1600128000000,40.162,43.05,37.66,39.333,76766.151,3082882.07,40.358614
1600214400000,39.264,42.644,37.449,42.35,77460.008,3139168.62,39.972918
1600300800000,42.322,50.284,42.185,47.151,131580.241,5978506.24,46.380626
1600387200000,47.193,48.999,41.6,44.69,69716.904,3212402.94,45.280592
1600473600000,44.69,47.647,43.688,43.755,57711.779,2623928.24,45.687934
1600560000000,43.784,44.768,36.79,39.735,62122.833,2502179.87,40.711516
1600646400000,39.692,40.4,31.0,31.663,92349.794,3154095.23,35.705019
1600732800000,31.78,33.912,30.8,33.192,48427.375,1561362.65,32.348946
1600819200000,33.206,36.253,30.845,32.465,70763.056,2381463.56,33.552365
1600905600000,32.675,37.2,32.001,36.613,54056.495,1882801.67,34.593216
1600992000000,36.614,37.593,35.49,36.848,40474.011,1476029.83,36.540912
1601078400000,36.847,37.048,35.0,35.879,23805.308,855784.91,36.003947
1601164800000,35.844,36.207,32.6,34.28,34443.909,1179999.5,34.371022
1601251200000,34.38,36.518,32.2,33.713,47709.847,1640784.59,34.360875
1601337600000,33.699,35.71,33.504,35.512,22647.455,782129.88,34.607305
1601424000000,35.515,35.769,33.515,33.8,18988.815,653813.33,34.639377
1601510400000,33.952,35.997,32.541,34.134,43628.341,1509459.83,34.269157
1601596800000,34.134,34.304,30.468,32.26,47957.787,1519810.95,32.334541
1601683200000,32.26,33.4,31.565,32.351,11866.4,384684.74,32.482609
1601769600000,32.333,33.127,31.069,31.996,16839.58,534736.19,32.097551
1601856000000,31.982,33.109,31.261,31.728,17350.797,555874.83,32.186566
1601942400000,31.728,31.988,27.1,27.647,34134.823,1030325.95,29.513715
1602028800000,27.582,28.0,24.2,26.476,65982.939,1732436.87,26.0799
1602115200000,26.433,29.499,23.158,27.754,86219.104,2240624.13,26.320109
1602201600000,27.83,30.515,27.103,29.741,41277.731,1196952.91,28.811
1602288000000,29.702,32.6,29.293,29.678,42305.113,1302924.22,30.946517
1602374400000,29.643,31.08,28.0,29.112,25866.7,755665.21,29.541217
1602460800000,29.2,33.15,29.011,32.199,46874.08,1472680.28,31.138062
1602547200000,32.238,32.94,30.0,30.642,27561.473,864965.03,31.472386
1602633600000,30.645,32.5,28.925,31.167,51987.817,1601506.11,30.711463
1602720000000,30.978,31.12,28.983,29.437,29014.191,861082.56,30.02819
1602806400000,29.523,29.92,27.158,28.034,30913.826,873083.84,28.520235
1602892800000,28.186,29.721,27.846,29.373,19652.599,569765.16,28.783945
1602979200000,29.354,31.749,29.053,31.055,27463.819,838412.5,30.422717
1603065600000,31.055,31.343,28.62,29.074,31437.39,947868.32,29.968843
1603152000000,29.074,29.63,27.51,27.819,36893.029,1061062.85,28.581859
1603238400000,27.874,29.181,27.123,27.828,63353.968,1784554.93,28.152038
1603324800000,27.829,29.326,27.81,28.156,48926.752,1401331.8,28.574773
1603411200000,28.103,30.53,27.123,28.025,69670.092,1967504.63,28.8266
1603497600000,28.002,28.155,26.4,27.145,47410.362,1291919.18,27.258736
1603584000000,27.032,28.073,26.15,26.733,58354.517,1582369.2,27.112892
1603670400000,26.689,36.657,26.085,35.45,401054.627,13273161.33,31.433492
1603756800000,35.436,37.569,32.553,34.205,205499.033,7068346.93,35.064677
1603843200000,34.272,34.7,30.291,31.658,122455.223,3899069.84,32.450267
1603929600000,31.654,32.787,28.78,29.946,77438.013,2361889.42,30.782715
1604016000000,29.947,30.583,27.941,29.64,60697.191,1747647.53,29.2602
1604102400000,29.632,31.413,29.247,30.46,40625.979,1236301.18,30.340769
1604188800000,30.466,33.1,29.828,32.215,48382.191,1522683.55,31.4735
1604275200000,32.215,32.564,29.31,29.99,56981.999,1743182.47,30.915095
1604361600000,29.98,30.862,27.632,29.012,57484.076,1671949.23,29.241281
1604448000000,29.011,29.675,27.482,28.654,39564.791,1128881.87,28.576806
1604534400000,28.666,31.464,28.451,30.133,45782.564,1360935.39,29.992654
1604620800000,30.119,33.584,30.047,32.891,89609.154,2897233.81,31.871827
1604707200000,32.914,35.4,29.523,31.314,118732.755,3893347.45,32.468061
1604793600000,31.256,33.712,30.521,32.895,47771.11,1536983.9,32.119395
1604880000000,32.967,34.498,31.835,33.015,70313.306,2346507.71,33.166514
1604966400000,33.056,36.7,32.586,35.192,93761.293,3223188.96,34.680504
1605052800000,35.2,37.8,34.774,35.607,130684.277,4735055.19,36.291014
1605139200000,35.669,39.8,35.021,38.153,101732.055,3803674.05,37.446681
1605225600000,38.156,39.444,37.183,38.565,64347.617,2470934.04,38.313112
1605312000000,38.641,38.762,35.501,36.954,66843.845,2469995.92,37.083745
1605398400000,36.987,37.83,34.1,35.411,74746.445,2694583.69,35.954069
1605484800000,35.353,37.0,34.2,36.183,60083.684,2161715.94,35.596227
1605571200000,36.129,38.658,35.726,38.146,79212.338,2961699.54,37.199313
1605657600000,38.116,38.422,34.0,35.642,80932.259,2925270.96,36.154289
1605744000000,35.558,37.5,34.531,35.314,69530.11,2487361.78,36.01648
1605830400000,35.286,39.379,34.975,37.753,127636.24,4832409.26,37.232971
1605916800000,37.787,41.4,36.8,40.631,107440.264,4205177.25,39.088483
1606003200000,40.711,42.0,37.538,38.579,77078.882,3022611.3,39.776506
1606089600000,38.627,41.0,38.163,40.415,60317.91,2397935.15,39.58817
1606176000000,40.427,53.099,39.514,48.392,354570.358,16369156.12,46.484855
1606262400000,48.275,50.403,40.2,42.178,139295.41,6316690.45,45.308852
1606348800000,42.167,50.207,38.67,48.937,333446.334,14957436.1,44.333614
1606435200000,49.183,49.455,42.9,45.378,125286.791,5772279.85,46.07604
1606521600000,45.352,46.859,43.121,45.23,82765.528,3719016.73,44.98992
1606608000000,45.23,53.4,44.399,53.07,163534.36,8252453.22,48.840868
1606694400000,53.097,54.7,50.0,52.123,137039.888,7141543.66,52.347178
1606780800000,52.2,56.618,50.0,54.166,124503.791,6686005.23,53.311843
1606867200000,54.054,65.537,52.968,61.698,220148.982,13252173.38,59.392747
1606953600000,61.664,62.982,57.365,59.151,167273.709,10049588.63,60.161174
1607040000000,59.123,62.0,49.6,50.656,222000.334,12134095.84,55.920132
1607126400000,50.709,56.601,49.7,55.829,124657.115,6713653.62,53.131591
1607212800000,55.75,56.795,50.937,52.361,67375.894,3608922.86,53.848696
1607299200000,52.416,54.563,51.594,53.424,52230.181,2770044.48,53.083203
1607385600000,53.568,53.739,45.4,46.376,136629.023,6742648.3,49.477555
1607472000000,46.363,51.33,44.077,48.95,139690.146,6695879.58,47.705044
1607558400000,49.028,49.828,46.33,47.051,76243.868,3648078.93,48.082428
1607644800000,47.162,47.2,43.151,44.874,74127.804,3336156.12,45.10241
1607731200000,44.992,48.733,44.938,48.178,55251.421,2634048.45,46.889079
1607817600000,48.232,52.836,47.162,50.833,75887.3,3836750.48,50.024866
1607904000000,50.814,51.974,48.71,50.396,59799.918,3002930.27,50.340917
1607990400000,50.392,57.473,49.736,56.833,112493.321,6128207.14,53.602823
1608076800000,56.878,58.258,54.8,57.219,125971.826,7124466.99,56.527734
1608163200000,57.27,63.0,54.9,58.128,149391.069,8747404.16,58.953519
1608249600000,58.114,59.377,56.058,57.47,83750.579,4794944.66,57.716792
1608336000000,57.511,60.0,55.555,55.886,68028.097,3912468.45,57.814798
1608422400000,55.798,57.1,52.88,53.607,71863.102,3935681.77,55.010775
1608508800000,53.501,56.023,48.533,49.473,94651.76,4831118.99,52.339649
1608595200000,49.556,54.487,48.231,54.131,67955.126,3445631.83,51.284225
1608681600000,54.157,55.084,43.383,47.443,105491.362,5263866.13,49.092995
1608768000000,47.596,53.09,45.964,52.304,88037.199,4351782.4,49.475186
1608854400000,52.38,53.0,48.0,50.066,58062.575,2923164.73,50.459096
1608940800000,50.032,50.909,47.32,47.716,51683.026,2530094.62,49.142447
1609027200000,47.777,51.457,46.175,50.227,95136.559,4641743.75,48.805427
1609113600000,50.383,58.94,49.167,58.257,142623.088,7849999.03,54.001873
1609200000000,58.389,63.231,53.666,61.948,202509.203,11773431.06,58.386833
1609286400000,61.981,66.0,59.492,61.948,139898.118,8758589.36,62.746005
1609372800000,61.977,73.563,59.2,71.908,266198.645,17869490.65,66.305349
1609459200000,71.995,73.444,65.62,69.693,150322.1,10440583.46,69.502978
1609545600000,69.567,73.218,65.05,69.254,133912.843,9243117.62,69.133898
1609632000000,69.295,74.109,66.0,72.983,158065.583,11083001.95,69.995361
1609718400000,72.917,74.467,59.682,68.505,290026.535,19959800.89,66.9917
1609804800000,68.533,71.2,61.889,67.797,153472.224,10271045.29,66.541965
1609891200000,67.914,75.989,65.535,75.325,176235.448,12514624.97,70.638782
1609977600000,75.545,77.889,65.018,68.947,221152.775,15822097.06,71.397775
1610064000000,68.929,71.739,64.01,68.787,113307.794,7725631.91,67.874417
1610150400000,68.787,70.512,66.0,68.93,79388.849,5435710.49,68.255849
1610236800000,68.93,74.572,65.5,71.07,167336.713,11676716.01,70.036508
1610323200000,71.253,71.286,57.877,64.329,185299.672,12028402.27,64.352277
1610409600000,64.331,68.0,61.171,62.786,95015.085,6147851.28,64.598812
1610496000000,62.61,78.489,60.631,76.965,269704.136,19348133.82,69.516169
1610582400000,76.898,89.0,76.271,88.685,216429.516,17832661.62,82.592934
1610668800000,88.544,89.086,74.08,83.707,179886.375,14806897.35,81.46186
1610755200000,83.6,110.711,81.36,102.624,266940.992,24865347.06,96.378576
1610841600000,102.624,110.0,90.393,102.558,219362.692,21836679.82,100.196493
1610928000000,102.247,121.5,101.428,109.092,298254.261,33664861.44,111.637514
1611014400000,109.23,110.705,98.35,101.019,122130.629,12846381.58,104.453397
1611100800000,101.023,107.741,89.812,106.0,154810.858,15263604.16,98.68349
1611187200000,106.048,106.428,92.608,92.857,143808.296,14227517.1,99.537318
1611273600000,92.792,105.303,85.5,103.918,140811.875,13671445.05,95.148458
1611360000000,103.913,113.0,100.86,107.653,99576.826,10660623.73,106.957876
1611446400000,107.659,112.028,100.051,103.973,85147.549,9048127.21,106.04492
1611532800000,103.937,110.0,97.921,98.752,80890.199,8372869.07,104.086827
1611619200000,98.82,104.454,93.19,101.999,74637.989,7350775.47,98.789746
1611705600000,101.894,101.96,90.1,95.302,63714.084,6050605.54,95.815064
1611792000000,95.326,117.79,93.65,113.933,107442.457,11570060.1,105.910228
1611878400000,113.954,115.0,101.001,106.644,79391.414,8467480.7,107.832354
1611964800000,106.642,107.497,98.926,100.963,54914.111,5624008.81,103.138638
1612051200000,100.802,105.91,95.527,97.717,61829.427,6232234.83,100.751427
1612137600000,97.652,101.608,95.0,100.867,74821.223,7349137.75,98.243899
1612224000000,100.644,107.7,97.601,104.993,101237.349,10463380.54,102.642333
1612310400000,104.764,122.929,104.738,119.124,167528.483,18891287.61,114.182184
1612396800000,119.028,124.0,108.317,115.714,149504.587,17489757.09,116.144812
1612483200000,115.648,123.265,112.0,121.325,150030.159,17745007.25,117.574602
1612569600000,121.123,124.038,110.786,112.857,100670.315,11634521.12,117.45747
1612656000000,112.856,116.0,100.1,115.998,106419.791,11601001.79,107.987131
1612742400000,115.882,136.851,111.5,132.947,154560.053,19227011.28,124.144967
1612828800000,133.203,138.654,126.15,130.88,115984.293,15229572.44,132.405138
1612915200000,130.88,137.377,120.0,129.437,101354.511,13189131.94,128.685961
1613001600000,129.142,147.0,126.365,142.343,124708.544,17493611.68,136.789639
1613088000000,142.348,161.33,137.58,154.283,91531.849,13918741.17,149.531788
1613174400000,154.295,169.578,152.78,161.511,125289.231,20241584.49,161.337443
1613260800000,161.446,163.0,146.237,157.63,87246.103,13637253.59,154.553929
1613347200000,157.501,226.0,135.0,189.997,528795.852,102293468.68,180.722308
1613433600000,189.973,228.0,183.385,209.36,314867.453,65366194.17,205.991059
1613520000000,209.313,243.0,194.15,240.441,217640.285,47715150.04,217.863002
1613606400000,240.4,240.98,213.777,222.786,114638.396,26071179.01,226.885036
1613692800000,222.906,242.0,200.0,223.886,177079.461,39664790.54,220.999674
1613779200000,224.158,248.0,208.0,221.668,204000.57,47251288.28,228.004933
1613865600000,221.68,237.361,215.9,223.637,67474.624,15223437.24,226.638774
1613952000000,224.097,299.88,192.0,271.015,471016.653,118787170.57,245.859792
1614038400000,271.118,289.939,208.47,241.0,432862.03,108277365.62,248.962017
1614124800000,241.0,269.76,224.351,242.605,181285.198,45182809.0,247.057141
1614211200000,242.532,258.28,221.198,224.991,123737.19,29730336.36,240.093195
1614297600000,224.388,231.0,198.823,215.974,149982.565,32207313.05,214.819854
1614384000000,216.391,238.998,215.63,229.668,87214.173,19998400.87,227.690133
1614470400000,229.668,235.0,195.0,212.588,137421.705,28542114.86,214.707331
1614556800000,212.582,231.0,208.978,227.808,90555.944,19899147.55,219.96104
1614643200000,227.808,245.731,218.602,240.955,97171.588,22423936.02,232.028342
1614729600000,240.761,259.236,238.188,244.235,93072.783,23083566.3,248.754611
1614816000000,244.196,254.658,230.883,234.348,94911.473,23046176.37,242.927289
1614902400000,234.346,234.66,211.711,228.457,91899.807,20337694.5,223.04798
1614988800000,227.852,237.0,216.0,229.259,53895.853,12121853.94,226.497691
1615075200000,229.305,240.0,225.419,233.491,44605.435,10347473.85,232.737091
1615161600000,233.823,244.17,223.0,244.169,65058.771,15113610.23,233.241396
1615248000000,244.178,296.968,238.67,290.167,143385.778,38372809.25,267.93811
1615334400000,289.484,318.227,267.101,303.234,184565.122,55136872.47,292.595954
1615420800000,303.941,344.708,278.0,329.899,124933.684,38776619.37,311.135007
1615507200000,330.03,336.0,300.834,314.442,94315.755,30067729.8,318.219712
1615593600000,314.056,323.746,301.55,313.548,77947.448,24583560.27,312.647849
1615680000000,313.548,321.5,300.002,300.488,59516.586,18429616.23,311.130427
1615766400000,300.664,324.934,277.532,310.238,112315.638,34083224.45,301.18954
1615852800000,310.934,334.303,291.1,318.249,103231.682,32286484.15,312.687856
1615939200000,318.756,348.771,310.0,345.17,77052.259,25040182.16,329.047156
1616025600000,345.186,390.0,342.49,367.373,163675.724,60283815.63,366.819665
1616112000000,367.474,423.04,355.225,384.042,132474.426,52621852.26,389.335098
1616198400000,383.686,411.33,376.578,389.378,73855.148,29240861.35,394.004113
1616284800000,389.03,416.263,382.0,399.495,82419.505,33072948.01,399.247767
1616371200000,398.883,460.539,397.363,437.48,129544.653,56616880.86,430.059361
1616457600000,437.479,454.609,414.991,421.465,101319.999,43992935.72,435.026898
1616544000000,422.249,490.0,416.0,422.489,152181.386,69043336.6,453.000081
1616630400000,422.489,437.178,370.0,410.451,213293.157,85738157.35,403.484758
1616716800000,410.677,455.0,404.096,454.792,101808.273,43386971.51,428.811387
1616803200000,454.792,505.335,447.369,468.755,173783.461,83620089.33,476.56659
1616889600000,468.396,520.0,467.781,511.004,115034.556,56369122.07,494.72725
1616976000000,511.167,567.32,506.359,546.901,164387.699,89360734.75,537.573011
1617062400000,546.901,558.97,516.111,539.59,86939.386,46773270.28,537.498694
1617148800000,539.216,560.0,474.58,495.497,142728.77,73030595.31,517.28534
1617235200000,495.49,507.432,449.24,463.011,198397.837,94185156.79,478.258765
1617321600000,462.98,465.024,418.971,448.893,198129.748,87443560.36,441.663634
1617408000000,448.86,498.135,422.41,439.601,185836.482,86010491.21,460.332683
1617494400000,439.601,455.753,428.976,444.759,78118.287,34811815.84,442.366228
1617580800000,444.464,478.6,426.419,461.414,112536.001,50388632.68,452.497863
1617667200000,461.751,470.0,430.09,440.617,127083.25,57060901.2,449.959132
1617753600000,440.001,472.0,378.823,427.229,165937.301,71549041.95,425.372785
1617840000000,427.361,468.0,423.267,460.825,94267.284,42419423.21,445.884086
1617926400000,460.6,467.239,442.07,451.777,59245.749,26830887.97,454.60588
1618012800000,451.804,461.9,441.22,448.4,55281.018,24866991.54,451.569943
1618099200000,448.399,450.612,432.659,438.227,42880.976,18884856.37,441.489123
1618185600000,438.227,440.009,408.927,422.168,87769.701,37392705.49,424.058295
1618272000000,422.407,438.58,411.62,431.881,68152.305,28940417.73,425.034887
1618358400000,431.881,480.0,420.461,455.125,164590.773,74664154.05,450.496992
1618444800000,455.603,485.542,452.206,475.889,100062.336,46989384.2,469.193127
1618531200000,477.06,481.659,423.193,446.539,100628.575,45199111.78,451.740706
1618617600000,446.761,483.995,445.186,456.316,94141.277,43695937.78,464.791338
1618704000000,456.558,474.854,371.952,405.803,165717.812,66903602.18,422.899335
1618790400000,406.046,423.703,360.002,368.092,113075.633,43961553.9,392.318376
1618876800000,368.363,385.0,315.0,383.633,180430.432,62597081.81,349.686989
1618963200000,383.031,385.0,336.0,349.429,92118.45,33341933.19,359.736604
1619049600000,349.053,388.588,339.0,347.935,113071.511,40856914.96,363.795945
1619136000000,347.501,359.894,282.0,336.7,178987.703,56777021.31,320.844827
1619222400000,336.721,337.2,297.484,303.316,70030.909,21932919.4,316.766923
1619308800000,303.316,332.71,299.921,318.23,61141.8103,19239700.27,316.617803
1619395200000,318.23,400.0,314.96,395.41,110090.31,40421304.01,357.651153
1619481600000,395.37,419.85,381.26,397.09,93718.7297,37291451.74,400.557149
1619568000000,397.18,407.43,364.49,393.85,71482.6994,27924745.82,385.945612
1619654400000,393.6,397.75,367.56,387.07,63402.9093,24386940.02,382.564111
1619740800000,386.71,415.0,378.1,406.11,66514.3183,26363900.05,396.560392
1619827200000,406.68,428.01,402.49,421.52,59238.4719,24599264.08,415.356195
1619913600000,421.69,442.0,398.79,413.75,82262.3548,34629032.17,420.417773
1620000000000,413.67,432.7,408.77,424.24,68031.8058,28655149.95,420.826273
1620086400000,424.23,439.2,381.64,389.49,113617.8733,46577014.87,410.776678
1620172800000,389.03,431.38,385.75,428.5,55544.795,22882512.99,408.51898
1620259200000,428.49,454.0,412.2,446.76,115326.6775,49695854.79,432.873047
1620345600000,446.85,458.26,422.34,431.0,85632.757,37521282.99,440.370356
1620432000000,431.17,476.0,426.01,433.45,73571.2406,32887332.88,451.014727
1620518400000,434.19,458.64,425.0,450.58,60224.7391,26868224.58,441.784355
1620604800000,451.01,459.88,378.65,408.03,95534.5032,40985776.58,418.493229
1620691200000,408.73,440.64,388.7,440.58,74915.0181,30888681.48,413.633957
1620777600000,439.86,535.0,434.34,465.37,316605.8418,154084745.36,485.193085
1620864000000,461.27,588.88,429.5,527.91,606937.4326,322360032.02,509.857273
1620950400000,528.34,597.93,504.16,597.33,274399.7824,150134282.86,549.199788
1621036800000,597.36,620.0,535.52,545.27,232573.633,134630175.52,578.436921
1621123200000,546.22,609.0,494.56,541.47,208217.9279,115696819.88,551.783419
1621209600000,541.22,607.48,480.0,571.7,331691.1097,185028442.49,543.555573
1621296000000,572.01,625.0,560.0,592.29,251267.9178,149839262.51,592.75816
1621382400000,592.54,620.0,158.75,337.65,599302.7948,264113162.22,383.11646
1621468800000,337.0,449.94,284.0,388.34,499833.9261,188745587.29,367.075423
1621555200000,388.71,438.83,264.22,337.39,485653.3769,171635800.13,351.270611
1621641600000,337.39,353.99,282.11,314.73,223527.2051,71688420.11,317.845919
1621728000000,314.41,337.08,201.0,260.84,445993.1836,115462007.74,268.290938
1621814400000,260.61,349.0,251.78,348.66,341663.4524,103827462.48,299.294954
1621900800000,348.9,372.98,281.56,322.21,358158.9582,114755736.11,327.089615
1621987200000,321.69,361.0,309.78,343.15,246156.1736,81944081.37,335.526322
1622073600000,343.0,343.82,300.88,315.86,178239.1281,57020574.25,321.564468
1622160000000,316.14,343.45,270.5,289.37,248336.3541,74302866.36,307.122018
1622246400000,289.38,302.18,258.0,296.5,141378.9673,39369288.92,280.006019
1622332800000,296.17,320.75,274.01,309.12,170760.8813,50799596.49,297.276981
1622419200000,308.87,379.87,289.69,371.0,200917.0332,65464552.72,334.085919
1622505600000,371.09,377.21,347.14,367.28,191397.2526,69432595.63,362.146752
1622592000000,367.69,477.0,361.12,446.53,301115.4742,126967300.58,420.623851
1622678400000,446.63,487.77,445.09,463.53,244496.9703,113921934.48,466.893049
1622764800000,463.72,464.13,380.2,419.04,389381.4118,161839990.47,420.699837
1622851200000,418.06,454.19,383.01,401.98,221195.3215,92881860.23,418.710882
1622937600000,402.6,423.18,395.88,422.47,91559.7002,37249488.41,409.071273
1623024000000,422.59,446.59,367.41,378.28,205872.2521,85623470.91,407.557639
1623110400000,378.6,420.0,342.35,411.21,488366.8403,188170546.77,380.541695
1623196800000,411.78,518.57,388.16,510.21,468573.6674,209350818.38,452.097863
1623283200000,510.47,537.0,458.0,474.3,516906.3676,257343557.07,497.782883
1623369600000,474.42,493.62,404.32,415.93,312402.8211,141243731.84,449.425914
1623456000000,415.65,428.34,383.34,399.56,287034.7876,116099047.34,405.781725
1623542400000,399.58,449.62,385.28,434.1,208172.8375,86536435.68,417.497303
1623628800000,434.09,439.6,398.0,427.0,245270.4629,102713953.66,418.714086
1623715200000,427.01,429.16,380.0,380.0,236591.4423,95910475.32,404.89859
1623801600000,380.0,389.77,353.93,366.92,234387.4952,86915720.35,371.794543
1623888000000,366.66,377.4,338.1,347.23,151563.3666,54260635.61,357.802394
1623974400000,347.48,347.58,299.56,315.54,223646.6868,71932967.76,322.582607
1624060800000,315.53,327.8,300.11,300.48,143139.5036,44434807.77,314.429465
1624147200000,300.5,315.0,271.81,300.05,219907.3708,64584347.24,293.404814
1624233600000,300.25,302.77,207.66,211.72,449328.871,111679856.49,255.002099
1624320000000,211.63,235.33,163.49,182.82,737801.1698,143296989.37,199.501531
1624406400000,182.84,225.0,172.5,204.07,443183.6068,91613075.58,198.975691
1624492800000,204.11,217.27,186.35,205.75,279429.0632,56767891.89,201.807804
1624579200000,205.76,213.3,172.17,174.0,328901.284,62165406.84,193.235144
1624665600000,174.0,181.2,156.69,173.49,300592.1116,50298913.57,168.94448
1624752000000,173.01,179.51,161.83,179.4,216719.3064,36964959.36,170.483141
1624838400000,179.39,230.0,175.5,219.94,565344.7499,116200002.27,203.245538
1624924800000,219.95,238.45,206.1,213.61,529972.6729,116712208.66,222.328276
1625011200000,214.33,216.68,191.12,215.05,395014.6664,80977850.99,203.897859
1625097600000,214.79,214.99,193.2,198.64,276279.621,55784318.9,203.677912
1625184000000,198.66,207.0,190.38,203.92,190896.8705,37634521.39,198.623222
1625270400000,204.05,213.67,198.0,206.67,156434.953,32388297.81,205.838343
1625356800000,206.67,218.0,200.46,209.92,168066.0488,35404454.27,209.238095
1625443200000,209.89,209.89,192.11,198.13,163225.1302,32842865.96,200.630377
1625529600000,198.24,225.84,197.46,224.27,222219.2712,46914697.22,211.755197
1625616000000,224.1,244.72,224.01,236.86,375152.2636,88528355.53,234.772359
1625702400000,236.84,237.98,202.62,212.46,238023.613,51421020.05,219.713295
1625788800000,212.58,216.57,200.0,213.26,118995.3393,24752289.98,208.283048
1625875200000,213.35,219.03,202.38,207.75,72094.3938,15076455.27,210.709511
1625961600000,207.86,215.0,204.21,210.88,64738.8479,13582071.26,209.609694
1626048000000,210.98,213.43,193.24,200.57,110723.8864,22616166.1,203.161289
1626134400000,200.46,203.89,189.22,192.59,80750.0246,15911897.46,196.557326
1626220800000,192.37,196.87,176.29,187.59,125940.5868,23490744.4,186.533518
1626307200000,187.66,210.0,180.0,202.05,202487.5062,39490931.18,195.008849
1626393600000,201.92,202.5,179.44,180.21,121814.0716,23039511.83,190.942957
1626480000000,180.06,187.97,175.58,179.0,111490.3054,20076728.0,181.779115
1626566400000,178.77,188.2,177.74,181.22,65360.6141,11965784.76,183.011371
1626652800000,181.36,182.44,161.36,163.71,119289.1837,20113713.02,171.765058
1626739200000,163.8,167.04,142.0,148.56,179067.9813,27033648.12,154.350584
1626825600000,148.54,182.65,144.08,174.78,188592.0987,31658602.94,163.588099
1626912000000,174.98,179.79,165.07,175.47,147339.0025,25215864.89,172.429226
1626998400000,175.31,179.91,162.72,177.94,139606.1403,23957776.28,171.283743
1627084800000,178.06,189.0,173.99,185.79,149728.3084,27086868.85,181.464465
1627171200000,185.83,189.7,175.6,184.34,164209.4166,30087142.98,182.643183
1627257600000,184.31,206.69,182.83,184.8,262412.4224,51260635.04,194.761076
1627344000000,185.02,189.54,176.18,185.31,127399.9225,23259372.39,182.859728
1627430400000,185.37,193.22,181.11,188.2,109921.7933,20517055.88,187.17026
1627516800000,187.95,195.48,181.12,190.0,103453.1605,19442510.43,188.296543
1627603200000,190.0,198.63,181.83,194.41,112131.443,21308948.71,190.195381
1627689600000,194.53,204.0,191.0,198.34,130779.7794,25720238.1,197.523371
1627776000000,198.79,223.3,195.68,206.7,297903.3217,63735090.2,209.631197
1627862400000,206.69,211.42,200.67,204.81,108975.9384,22519178.24,206.047273
1627948800000,204.85,209.16,192.52,201.96,101169.3549,20145559.96,200.82051
1628035200000,201.99,218.6,198.51,215.18,103050.0276,21505405.74,208.551377
1628121600000,215.25,219.7,202.52,216.02,109973.6076,23400221.52,211.107726
1628208000000,215.93,236.61,211.2,227.46,173378.5514,39433689.06,224.024931
1628294400000,227.58,243.4,223.32,235.08,167197.8849,38994541.88,233.433358
1628380800000,235.08,235.71,211.3,215.73,125565.1019,28037915.93,223.150887
1628467200000,215.78,229.58,207.1,221.5,145717.1704,32014503.66,218.335064
1628553600000,221.66,254.12,217.03,241.08,269409.6765,64196201.31,235.884403
1628640000000,241.37,300.0,241.11,267.61,315874.7223,85305212.92,271.394025
1628726400000,267.6,279.9,246.71,261.69,200760.6365,52563380.45,263.294293
1628812800000,261.5,283.71,260.32,281.04,148699.8963,40767764.93,272.172454
1628899200000,281.04,285.84,263.05,272.79,130083.5429,35544386.96,274.361339
1628985600000,272.91,277.95,260.0,273.69,109719.1687,29454921.95,268.972957
1629072000000,273.83,318.5,269.96,299.59,327423.3812,97676581.23,294.799585
1629158400000,299.59,325.0,267.37,277.54,288751.2175,86849624.09,296.474473
1629244800000,277.66,304.0,261.01,281.47,237208.0985,67454764.69,282.510784
1629331200000,281.5,334.4,275.1,327.68,372743.6442,115093871.15,304.778593
1629417600000,327.64,350.33,313.17,345.89,244745.9855,81339552.86,331.428193
1629504000000,345.63,353.0,325.98,328.14,132657.5088,44938405.26,339.794798
1629590400000,328.25,343.58,314.0,330.65,105173.7986,34593263.13,328.788912
1629676800000,330.79,341.0,320.75,328.18,112615.2083,37189283.37,330.880797
1629763200000,328.11,332.47,285.3,296.0,157971.5935,48796800.08,308.469643
1629849600000,296.07,309.33,283.01,303.7,121921.1679,36277703.03,296.090274
1629936000000,303.53,310.95,273.4,277.1,148429.0197,42604604.57,292.437937
1630022400000,277.1,312.0,266.3,305.7,229463.5956,66325740.0,288.905784
1630108800000,305.6,320.9,296.3,305.2,121826.0727,37412519.49,308.600212
1630195200000,305.2,327.6,290.7,297.1,239249.8597,73199250.75,309.247546
1630281600000,296.9,323.2,285.7,298.2,360944.223,109363748.76,304.452074
1630368000000,298.2,421.32,296.4,395.2,790872.7188,292396943.22,361.018295
1630454400000,395.1,420.0,367.0,388.6,479435.756,185696920.36,393.506228
1630540800000,388.6,419.9,380.0,400.2,254516.489,101660863.32,400.069806
1630627200000,400.4,431.8,394.0,406.7,208400.4726,86546003.89,412.965385
1630713600000,406.8,421.0,395.3,397.8,118121.769,48161678.5,408.335028
1630800000000,398.0,409.1,386.2,402.5,116925.813,46580884.83,397.624656
1630886400000,402.7,409.0,371.0,395.5,149841.303,58977442.39,389.917587
1630972800000,395.5,398.1,276.0,330.9,354268.58,120411787.91,335.082326
1631059200000,331.2,356.8,307.1,341.7,218132.457,73171615.07,331.89922
1631145600000,341.5,394.0,325.5,389.6,241619.462,88080267.67,358.934526
1631232000000,389.7,425.0,355.0,385.1,360583.851,143186830.8,390.00281
1631318400000,385.1,425.0,374.6,419.0,194206.67,77319516.19,399.513062
1631404800000,419.0,451.7,404.8,434.4,331057.7838,141859410.42,428.292937
1631491200000,434.3,446.7,376.5,404.8,236875.25,96745379.49,411.232814
1631577600000,404.6,438.8,396.2,418.1,142492.33,59628122.91,417.658382
1631664000000,418.2,435.0,405.0,428.7,94358.236,39279895.24,419.891006
1631750400000,428.9,441.1,400.4,409.4,119067.531,50383751.9,420.847411
1631836800000,409.3,417.3,384.0,389.9,81771.614,32592290.94,400.747354
1631923200000,389.9,421.8,385.2,418.6,77518.753,31757441.77,403.363764
1632009600000,418.6,424.0,395.0,400.6,55317.402,22629167.83,409.489342
1632096000000,400.7,402.3,325.0,332.7,164842.835,58507881.46,362.918398
1632182400000,332.8,349.4,296.8,306.1,143877.832,46896785.12,323.351305
1632268800000,306.3,352.2,298.6,348.2,130630.806,42655344.55,325.066413
1632355200000,348.3,359.0,337.4,357.8,79439.814,27627181.86,347.953539
1632441600000,358.0,365.4,301.2,332.5,156631.308,51341965.87,332.809325
1632528000000,332.4,339.3,320.6,327.0,54682.564,17968965.66,329.955323
1632614400000,326.8,333.4,300.8,324.0,76786.169,24534321.7,317.084664
1632700800000,323.9,346.7,314.0,315.4,82197.648,27339748.09,330.533851
1632787200000,315.6,344.6,308.3,317.8,133484.993,43549787.96,326.458961
1632873600000,318.0,341.7,314.0,322.5,78446.707,25815053.8,327.900477
1632960000000,322.5,337.5,320.7,331.4,71401.834,23608374.54,329.262231
1633046400000,331.3,353.8,328.5,349.0,85618.853,29316356.77,341.289422
1633132800000,348.9,364.9,340.8,353.0,56601.278,19948902.55,352.863848
1633219200000,352.9,357.3,341.7,346.3,41336.191,14489207.46,349.495316
1633305600000,346.1,347.1,324.3,339.2,62008.134,20920348.53,335.537141
1633392000000,339.2,344.3,328.7,337.0,50721.938,17122970.35,336.492005
1633478400000,337.1,342.0,314.4,333.5,60743.535,20003642.62,328.169673
1633564800000,333.5,369.8,326.4,355.4,96068.762,33835693.72,348.348146
1633651200000,355.4,360.6,340.0,344.3,49842.553,17547736.45,350.33522
1633737600000,344.2,365.8,340.7,353.9,47045.781,16629271.28,353.412896
1633824000000,353.9,372.4,333.1,334.9,81975.808,29347361.04,353.2682
1633910400000,334.6,345.9,321.4,330.6,41409.896,13907035.36,333.657044
1633996800000,330.6,330.6,306.5,323.4,43628.196,13903936.53,318.357146
1634083200000,323.3,368.0,311.2,366.2,128338.82,43754072.1,338.74338
1634169600000,366.3,377.9,346.7,350.6,106439.749,38943962.15,362.560191
1634256000000,350.3,372.8,335.0,348.3,113010.91,39651549.29,353.903222
1634342400000,348.1,359.9,337.0,341.3,48433.541,16880203.65,348.534528
1634428800000,341.3,351.8,330.0,350.8,64998.845,22354877.29,340.643312
1634515200000,350.9,365.3,339.7,362.6,82176.2,29043188.87,352.26584
1634601600000,362.6,380.5,357.0,379.9,105108.754,38949812.77,368.3582
1634688000000,380.2,383.0,366.3,377.8,63997.475,24044770.79,374.627423
1634774400000,378.0,384.9,360.3,368.9,75452.695,28240586.42,372.569892
1634860800000,368.7,389.0,367.0,374.4,72929.654,27566712.34,378.110092
1634947200000,374.7,386.4,369.9,382.0,48189.683,18281353.08,378.139709
1635033600000,381.9,407.0,378.0,399.6,87769.116,34776356.93,392.679715
1635120000000,399.4,415.0,395.1,402.2,81436.064,32969711.92,405.071139
1635206400000,402.2,411.2,383.1,390.7,62356.015,24637188.63,397.180591
1635292800000,390.8,396.0,355.1,356.8,95954.059,35632876.58,375.915476
1635379200000,357.0,379.7,355.0,364.6,65842.061,24164681.69,367.508788
1635465600000,364.7,372.9,361.5,367.2,51046.192,18721823.38,367.215212
1635552000000,367.2,380.0,362.6,372.7,46499.411,17220663.39,371.334585
1635638400000,372.9,379.0,352.9,370.5,51257.634,18705936.18,365.937819
1635724800000,370.5,412.0,359.4,409.6,115263.055,44848329.49,385.002772
1635811200000,409.8,455.0,397.3,442.2,173033.795,74365838.87,426.162836
1635897600000,442.6,460.0,421.7,455.0,84820.7171,37424621.13,440.636063
1635984000000,454.3,465.0,431.1,441.4,52032.735,23033332.64,448.057512
1636070400000,441.7,453.7,428.5,448.5,53931.278,23652169.6,441.025836
1636156800000,448.5,461.2,432.7,445.7,55628.366,24866901.64,446.949637
1636243200000,445.4,514.3,441.1,512.1,99442.2285,47656350.52,477.424958
1636329600000,511.9,519.1,476.4,482.7,75829.001,37470725.21,497.809574
1636416000000,482.6,484.5,449.3,452.4,62954.727,29202709.16,466.764687
1636502400000,452.5,470.9,383.2,427.5,94867.222,41978909.92,426.781463
1636588800000,427.3,452.3,413.9,440.5,63061.455,27336941.42,433.075648
1636675200000,440.4,444.4,408.3,423.0,53781.41,22691221.8,426.020114
1636761600000,423.2,435.3,412.3,428.5,40160.337,16982698.33,423.77242
1636848000000,428.6,435.7,420.3,433.9,25863.411,11097418.46,427.900828
1636934400000,433.9,442.0,408.2,409.8,49022.426,20888202.6,425.573215
1637020800000,409.8,409.9,350.2,366.7,99577.468,37683173.3,378.821457
1637107200000,366.6,376.4,352.3,367.2,57887.596,21120430.0,364.349605
1637193600000,367.3,372.6,331.7,339.3,68228.987,24012784.88,351.997374
1637280000000,339.1,365.7,327.4,354.8,65366.164,22727064.08,346.53246
1637366400000,354.6,368.0,341.3,366.8,45684.605,16256329.45,354.316824
1637452800000,367.0,371.6,358.4,364.7,33425.579,12173316.17,364.993499
1637539200000,365.0,366.2,334.6,337.7,55253.011,19154705.62,350.182076
1637625600000,337.7,352.9,326.2,343.1,67846.584,22853075.87,339.541218
1637712000000,343.2,347.1,323.1,327.8,52180.427,17429613.2,335.054102
1637798400000,327.8,350.0,326.2,339.1,42576.65,14412671.92,338.377708
1637884800000,339.0,339.8,298.1,314.6,86597.701,27397342.5,318.215184
1637971200000,314.5,349.0,313.7,334.4,49666.816,16555875.64,331.945523
1638057600000,334.4,357.7,319.7,350.4,95569.992,32725830.35,338.528406
1638144000000,350.1,372.7,349.1,366.5,54702.081,19722897.31,361.256988
1638230400000,366.3,394.7,357.3,392.9,81324.685,30737725.86,375.478828
1638316800000,392.7,405.0,381.6,391.3,56127.951,22051914.07,393.301164
1638403200000,391.3,391.4,365.0,366.5,28468.914,10635403.92,378.001856
1638489600000,366.4,370.8,333.2,345.7,56596.874,20061555.23,351.667967
1638576000000,346.2,346.2,252.2,301.7,103957.0632,30708261.99,297.731005
1638662400000,301.9,306.5,278.0,294.7,48901.073,14354028.78,292.151903
1638748800000,294.7,294.9,256.2,288.3,54001.629,14741836.04,275.440196
1638835200000,288.1,319.2,283.9,295.8,60410.57,17990592.93,301.665569
1638921600000,295.5,316.2,286.9,307.5,48793.939,14717950.92,301.552188
1639008000000,307.5,308.7,283.8,286.8,30059.665,8815224.29,296.062025
1639094400000,286.7,309.8,280.6,282.4,49965.307,14763286.04,295.258053
1639180800000,282.1,297.5,275.6,295.8,32616.518,9429164.61,286.289734
1639267200000,296.0,305.5,292.4,303.6,27792.567,8305925.9,298.871906
1639353600000,303.4,308.4,269.4,272.9,40444.462,11653339.16,289.035375
1639440000000,272.9,289.7,269.4,279.3,29327.309,8151175.59,279.637913
1639526400000,279.3,292.8,269.5,288.6,24939.996,7026214.13,281.033854
1639612800000,288.6,293.7,278.7,280.4,22664.309,6506358.4,286.337264
1639699200000,280.2,283.4,269.5,277.2,27434.048,7607557.5,276.423489
1639785600000,277.2,281.9,270.3,279.9,17336.212,4819402.94,276.066361
1639872000000,279.8,281.8,272.5,274.4,12752.009,3542679.39,277.154602
1639958400000,274.4,277.1,260.3,264.3,18840.11,5028790.94,268.635434
1640044800000,264.4,271.3,261.0,266.4,24991.047,6659993.31,266.157137
1640131200000,266.4,284.2,266.4,273.3,38280.484,10509270.18,275.512728
1640217600000,273.2,293.6,267.3,291.0,38092.569,10635131.96,280.236611
1640304000000,291.1,303.3,284.5,288.4,35242.154,10345799.73,293.92151
1640390400000,288.2,294.9,286.7,292.3,14450.497,4214278.11,290.836667
1640476800000,292.3,325.1,286.5,322.7,46240.538,14159759.38,305.488012
1640563200000,322.8,345.0,308.3,323.0,63934.475,20483295.35,326.650028
1640649600000,323.1,335.3,291.2,294.7,82540.433,26149745.72,313.753183
1640736000000,294.8,304.0,279.1,284.3,29783.225,8761741.42,291.643046
1640822400000,284.1,287.7,276.6,279.9,22420.725,6320928.25,282.155568
1640908800000,279.9,287.9,271.2,276.8,23392.022,6558395.47,279.560427
1640995200000,276.6,289.1,275.5,288.8,15121.464,4269807.17,282.199262
1641081600000,288.8,299.0,283.0,295.4,17999.668,5246038.26,290.951128
1641168000000,295.4,299.8,285.2,290.0,24195.102,7064044.72,292.492918
1641254400000,290.2,310.0,282.7,295.6,41544.118,12420701.36,296.384079
1641340800000,295.7,308.0,254.9,266.9,52450.114,14947862.27,281.461907
1641427200000,267.0,272.9,258.9,269.6,28176.514,7476408.13,265.879126
1641513600000,269.5,274.3,246.5,250.8,36777.0506,9469979.88,260.431887
1641600000000,250.8,254.9,231.2,239.9,35778.5035,8664523.33,242.921584
1641686400000,240.2,252.2,238.7,246.9,17320.362,4249441.98,245.574674
1641772800000,246.8,250.7,228.6,241.3,30345.4303,7259234.31,239.580799
1641859200000,241.3,262.0,239.9,260.9,31592.232,7976420.18,250.913285
1641945600000,260.6,279.4,260.3,275.3,42220.414,11517283.17,270.180267
1642032000000,275.0,281.3,264.3,266.2,30359.481,8299739.95,272.957959
1642118400000,266.2,289.5,264.1,281.8,34289.5393,9677922.34,277.091539
1642204800000,281.6,290.0,280.2,289.7,19638.904,5597602.99,284.98672
1642291200000,289.9,293.0,273.8,277.8,30689.78,8670884.59,283.350394
1642377600000,277.8,278.5,255.5,259.1,22049.202,5841857.0,266.712932
1642464000000,259.0,261.0,247.3,253.4,17912.961,4536834.32,254.060637
1642550400000,253.4,254.2,240.8,243.5,14398.632,3548211.69,247.349879
1642636800000,243.5,257.0,238.6,239.4,20475.006,5086352.74,247.879812
1642723200000,239.3,241.1,210.6,214.1,47837.8631,10819147.51,225.675084
1642809600000,214.0,217.6,173.2,190.4,72507.108,13927308.82,194.883204
1642896000000,190.4,198.1,181.0,191.5,37456.133,7111654.32,189.54855
1642982400000,191.5,191.5,161.9,174.7,82597.5007,14103830.67,176.139444
1643068800000,174.9,180.9,169.8,173.6,36594.381,6407001.1,175.353785
1643155200000,173.7,181.5,162.2,165.0,63716.9,11113549.33,171.983797
1643241600000,165.3,168.8,155.6,164.8,46844.3665,7605259.51,162.198977
1643328000000,164.5,169.6,159.0,168.7,38842.268,6405218.24,164.20604
1643414400000,168.7,174.2,167.2,171.1,25346.01,4328531.4,170.724222
1643500800000,171.0,173.9,161.5,163.3,28097.957,4738449.84,167.758677
1643587200000,163.1,165.7,154.3,159.4,65393.812,10457975.33,159.966191
1643673600000,159.5,176.0,158.3,171.1,47707.584,7929612.72,167.372542
1643760000000,171.1,177.7,160.0,162.1,66113.318,11224038.52,169.005482
1643846400000,162.2,163.8,155.5,163.0,37270.436,5926068.32,159.643133
1643932800000,162.9,182.9,162.3,180.2,76997.094,13527818.07,172.824765
1644019200000,180.2,189.3,178.8,184.7,30274.918,5593046.54,184.127005
1644105600000,185.0,199.2,180.1,195.9,40445.776,7619806.78,189.579091
1644192000000,195.9,203.6,193.1,198.2,53493.567,10550730.86,198.365783
1644278400000,198.4,205.4,184.8,192.3,49313.148,9621169.74,195.094397
1644364800000,192.3,195.1,184.9,192.0,46321.899,8810432.67,189.999535
1644451200000,192.1,193.8,178.2,179.0,53828.122,10025335.2,186.09631
1644537600000,178.9,183.7,161.1,164.9,38506.078,6739379.77,172.453058
1644624000000,164.9,172.4,160.4,166.8,26942.796,4476914.67,166.403469
1644710400000,166.7,172.0,160.6,162.9,17727.127,2967304.25,166.342857
1644796800000,163.1,168.7,159.0,166.9,19401.727,3176306.38,163.804117
1644883200000,167.0,178.6,166.5,176.3,19980.868,3475919.68,172.705947
1644969600000,176.4,177.9,166.3,166.9,41041.438,7072463.14,172.190655
1645056000000,166.8,170.1,154.7,155.6,57318.992,9331534.9,162.582857
1645142400000,155.5,159.6,147.5,149.7,36658.5913,5669249.14,153.607895
1645228800000,149.8,154.0,146.1,151.2,16853.504,2527869.32,150.046439
1645315200000,151.2,151.4,135.9,138.8,33304.7012,4697926.07,143.392857
1645401600000,138.9,156.0,125.2,125.7,72308.7387,9870359.38,140.999465
1645488000000,125.9,133.2,121.9,129.7,53951.4298,6913198.14,127.542726
1645574400000,129.7,135.3,122.7,123.3,69952.895,9098393.55,129.172367
1645660800000,123.2,125.0,105.2,117.9,119648.0088,13485234.61,115.000595
1645747200000,118.0,126.6,113.7,124.8,59530.476,7117785.71,120.056684
1645833600000,124.9,130.0,121.9,124.8,52028.329,6561156.2,125.950042
1645920000000,124.9,126.8,115.2,117.5,45137.961,5472140.54,120.977348
1646006400000,117.5,130.2,114.8,130.0,44751.923,5427561.91,122.253515
1646092800000,130.0,145.0,127.9,138.4,120723.224,16461133.0,136.594448
1646179200000,138.5,140.9,133.2,138.4,62122.103,8557256.0,137.049941
1646265600000,138.4,143.9,130.7,132.0,52444.403,7195159.55,137.431122
1646352000000,132.0,132.5,118.9,120.8,35587.344,4509864.54,125.557083
1646438400000,120.8,124.5,116.4,122.7,27898.85,3349602.04,120.431868
1646524800000,122.6,124.3,116.8,119.6,35208.24,4245779.16,120.527083
1646611200000,119.6,127.8,115.2,120.4,52271.005,6299429.99,121.501513
1646697600000,120.3,128.3,119.3,122.5,52993.496,6557508.92,123.836396
1646784000000,122.5,137.0,122.1,135.1,47967.334,6341624.08,129.713271
1646870400000,135.2,140.0,122.8,126.5,67172.939,8638812.4,131.437583
1646956800000,126.4,132.1,121.1,123.8,55106.382,6991806.54,126.621247
1647043200000,123.8,127.7,123.5,124.0,24795.214,3090729.49,125.600964
1647129600000,123.9,125.4,116.7,117.6,29096.914,3545754.41,121.095262
1647216000000,117.5,121.0,116.2,120.4,23938.736,2843536.73,118.564854
1647302400000,120.2,125.7,115.5,125.6,63395.908,7668074.39,120.426698
1647388800000,125.6,131.3,121.3,130.7,91581.104,11574255.53,126.171337
1647475200000,130.7,136.4,128.1,133.0,68486.168,9093326.04,132.257829
1647561600000,133.1,149.4,131.0,148.3,93118.819,13104977.21,140.097151
1647648000000,148.3,153.1,144.3,146.6,62837.056,9279262.59,148.711772
1647734400000,146.6,153.1,141.5,152.0,77966.281,11477455.08,147.18544
1647820800000,152.1,160.8,144.6,155.4,104607.259,16149158.26,152.688993
1647907200000,155.3,160.8,153.5,158.4,48175.064,7570358.75,157.164164
1647993600000,158.6,170.0,156.3,161.9,65786.731,10777696.92,163.192685
1648080000000,161.8,165.4,156.5,162.9,61421.595,9886337.17,160.944633
1648166400000,162.8,167.8,157.8,166.6,49945.55,8166323.38,162.728841
1648252800000,166.6,171.0,163.8,164.6,49121.383,8227939.5,167.435405
1648339200000,164.5,174.9,163.3,173.9,39979.051,6738963.72,169.080359
1648425600000,173.9,182.1,163.8,168.6,108743.478,19211726.51,172.986412
1648512000000,168.8,187.0,168.1,183.9,89268.878,16080738.98,177.777852
1648598400000,183.9,193.7,174.6,188.5,93539.333,17445502.18,184.119836
1648684800000,188.6,200.9,181.7,188.6,109115.556,20941820.47,191.3
1648771200000,188.5,195.7,177.7,189.7,77910.831,14586449.29,186.69733
1648857600000,189.6,207.2,189.0,201.8,90980.185,18195147.05,198.403724
1648944000000,201.6,204.9,195.4,201.6,46459.807,9290758.85,200.15
1649030400000,201.8,202.0,182.1,188.9,71266.913,13569890.88,191.662626
1649116800000,189.0,196.0,179.1,179.7,47364.563,8958209.9,187.812103
1649203200000,179.7,181.4,167.0,174.3,77842.253,13602752.97,174.097976
1649289600000,174.2,183.7,170.9,181.4,77481.265,13791396.31,177.257052
1649376000000,181.4,194.0,171.0,172.0,58045.135,10747803.58,182.752751
1649462400000,171.9,178.9,170.6,178.3,39494.76,6896900.93,174.688892
1649548800000,178.4,179.7,168.9,169.7,33889.228,5959108.2,174.348411
1649635200000,169.6,170.2,149.9,152.7,68038.701,10897238.76,159.819458
1649721600000,152.8,159.3,148.3,153.7,47158.336,7296347.76,153.800922
1649808000000,153.8,163.2,150.5,161.0,66785.318,10545694.07,156.801945
1649894400000,161.0,167.6,155.9,160.9,52869.722,8580576.88,161.750015
1649980800000,161.0,167.8,158.3,166.3,45760.486,7482425.43,162.999374
1650067200000,166.2,176.3,166.2,174.6,74637.339,12895196.96,171.427717
1650153600000,174.5,179.0,168.8,168.9,34164.33,5937318.96,174.079293
1650240000000,168.9,168.9,155.2,167.4,55201.379,8981159.09,162.031664
1650326400000,167.2,178.9,163.4,176.6,49964.338,8519176.32,171.074058
1650412800000,176.5,186.4,173.4,180.6,89153.532,16146828.93,179.934426
1650499200000,180.6,184.9,164.7,168.1,58716.237,10415032.19,174.84764
1650585600000,168.1,173.5,162.5,164.6,50170.429,8457253.46,168.042846
1650672000000,164.6,167.4,159.1,162.3,36468.952,5962036.49,163.246085
1650758400000,162.3,163.7,157.1,159.2,25428.721,4085767.72,160.379569
1650844800000,159.3,164.5,149.1,164.5,57558.239,8963706.62,156.650365
1650931200000,164.4,166.6,152.2,154.9,53498.36,8550413.29,159.369477
1651017600000,154.9,164.2,154.6,158.1,47766.163,7600388.03,159.482857
1651104000000,158.1,161.7,154.6,158.0,34858.954,5509541.5,158.150005
1651190400000,158.0,160.1,145.0,145.1,46521.86,7166271.78,152.77318
1651276800000,145.2,149.3,125.9,131.7,43854.616,6087103.28,137.522852
1651363200000,131.6,137.1,128.2,132.6,69887.304,9267648.63,132.651741
1651449600000,132.6,136.1,126.0,131.0,42558.002,5590722.64,131.045265
1651536000000,131.0,135.7,125.8,127.5,45463.624,5964054.83,130.798382
1651622400000,127.5,143.0,127.1,140.5,61562.011,8225886.17,135.260688
1651708800000,140.6,144.6,125.4,127.6,74861.438,9909697.4,135.116502
1651795200000,127.6,131.2,120.7,126.3,77683.159,9728376.91,125.946153
1651881600000,126.4,127.3,114.6,117.8,53888.227,6647807.29,120.801096
1651968000000,117.8,118.6,111.3,112.1,59870.722,6843332.36,114.95
1652054400000,112.2,115.4,93.0,94.4,168786.9624,17367402.66,104.368711
1652140800000,94.5,104.6,88.9,92.9,229974.151,22566331.04,96.75794
1652227200000,92.8,95.7,71.3,73.6,348829.122,28922601.26,83.554944
1652313600000,73.6,77.3,62.3,69.2,361466.9063,25002463.22,69.764826
1652400000000,69.2,84.0,67.3,74.0,176460.17,13722653.1,75.73541
1652486400000,74.1,78.9,66.3,74.3,230184.286,16644894.43,72.599899
1652572800000,74.3,89.7,68.7,80.9,337956.937,25272301.4,79.240511
1652659200000,80.8,85.7,68.7,73.8,446487.725,34267113.81,77.195574
1652745600000,73.7,87.9,73.0,81.9,358671.322,29041568.96,80.667088
1652832000000,81.9,83.8,71.9,76.2,319301.961,24647784.53,77.776982
1652918400000,76.3,82.9,71.0,80.5,353490.578,27091643.68,76.903393
1653004800000,80.5,81.7,73.4,75.3,203738.611,15878925.84,77.511919
1653091200000,75.3,80.5,73.3,80.2,180459.687,13797267.38,76.788691
1653177600000,80.2,82.2,78.2,80.3,148496.041,11960773.25,80.199992
1653264000000,80.3,89.2,78.4,82.9,275774.572,23337402.2,83.832344
1653350400000,82.8,86.4,75.1,81.9,233258.179,18849076.12,80.747459
1653436800000,81.9,86.9,78.7,79.4,245984.232,20193363.57,82.85115
1653523200000,79.4,81.1,68.9,69.8,325472.378,23903652.01,75.073259
1653609600000,69.8,71.5,64.7,66.5,323809.925,22015931.12,68.096872
1653696000000,66.6,69.2,65.2,67.6,140409.376,9494715.65,67.201587
1653782400000,67.6,72.9,65.4,71.9,204370.044,14192526.52,69.096279
1653868800000,71.9,78.1,71.0,78.0,251597.382,18785596.51,74.459481
1653955200000,78.0,82.9,73.3,79.9,378188.167,29588082.24,78.091594
1654041600000,79.8,88.0,69.9,73.0,694427.673,55692553.23,79.04327
1654128000000,72.9,74.3,70.4,73.4,357758.386,25928107.75,72.346699
1654214400000,73.3,73.5,67.5,68.3,188947.051,13214224.46,70.436975
1654300800000,68.3,70.4,66.6,68.7,99261.984,6792639.08,68.5
1654387200000,68.6,69.5,67.1,67.9,85825.045,5862428.7,68.301086
1654473600000,67.8,73.2,67.6,70.2,155514.444,11032226.92,70.46738
1654560000000,70.2,70.3,65.6,67.4,157437.331,10647680.87,67.867238
1654646400000,67.3,69.2,65.0,66.4,160984.719,10756431.09,67.102903
1654732800000,66.4,68.4,65.5,66.4,89113.817,5968304.16,66.95
1654819200000,66.4,67.7,57.9,58.6,176254.51,11003673.13,62.856452
1654905600000,58.6,60.6,55.3,57.1,145497.114,8371741.15,57.952043
1654992000000,57.1,57.6,50.6,50.8,186548.737,10013365.5,54.138088
1655078400000,50.8,51.9,43.0,46.3,305957.634,14261057.51,47.374896
1655164800000,46.3,52.6,43.1,51.0,118628.275,5754568.52,47.797856
1655251200000,51.0,58.3,47.2,58.3,331744.309,16892741.81,52.519649
1655337600000,58.2,58.8,48.1,49.2,175175.674,9212316.21,53.396281
1655424000000,49.1,51.0,48.5,49.0,63590.893,3153310.8,49.75028
1655510400000,48.9,49.8,44.2,48.5,92521.812,4328373.97,46.997829
1655596800000,48.5,52.3,46.1,50.9,58106.574,2825400.06,49.180541
1655683200000,50.9,54.4,48.8,53.4,58420.258,3048286.97,51.571159
1655769600000,53.3,57.5,52.3,53.6,58807.914,3252581.57,54.901208
1655856000000,53.6,55.0,51.1,51.9,64598.057,3410057.14,53.064961
1655942400000,51.9,54.7,51.8,54.1,46663.998,2503973.55,53.292014
1656028800000,54.1,58.3,54.0,57.4,64438.189,3626107.89,56.219066
1656115200000,57.3,58.4,54.1,57.4,43010.608,2435351.06,56.249851
1656201600000,57.5,58.8,52.1,52.5,53042.065,2980479.14,55.522787
1656288000000,52.4,56.1,52.2,53.0,48698.236,2621661.25,54.158631
1656374400000,53.1,55.0,49.7,50.2,51308.617,2673861.07,52.406633
1656460800000,50.2,51.0,48.1,48.9,46359.026,2291403.13,49.55
1656547200000,49.0,49.3,44.9,48.3,64401.677,2998827.55,47.09013
